V3[0]=1.600000
V3[1]=1.600000
V3[2]=1.600000
V3[3]=1.600000
V3[4]=1.600000
V3[5]=1.600000
V3[6]=1.600000
V3[7]=1.600000
Tiempo que se ha tardado en hacer la suma-->0.000481697
V1[0]=0.800000
V1[N-1]=1.500000
V2[0]=0.800000
V2[N-1]=0.100000
V3[0]=1.600000
V3[N-1]=1.600000
