V3[0]=2.200000
V3[1]=2.200000
V3[2]=2.200000
V3[3]=2.200000
V3[4]=2.200000
V3[5]=2.200000
V3[6]=2.200000
V3[7]=2.200000
V3[8]=0.000000
V3[9]=0.000000
V3[10]=0.000000
Tiempo que se ha tardado en hacer la suma-->0.003365840
V1[0]=1.100000
V1[N-1]=0.000000
V2[0]=1.100000
V2[N-1]=0.000000
V3[0]=2.200000
V3[N-1]=0.000000
