Tiempo que se ha tardado en hacer la suma-->0.018829284
V1[0]=838860.800000
V1[N-1]=1677721.500000
V2[0]=838860.800000
V2[N-1]=0.100000
V3[0]=1677721.600000
V3[N-1]=1677721.600000
