Tiempo que se ha tardado en hacer la suma-->0.000053435
V1[0]=3276.800000
V1[N-1]=6553.500000
V2[0]=3276.800000
V2[N-1]=0.100000
V3[0]=6553.600000
V3[N-1]=6553.600000
