Tiempo que se ha tardado en hacer la suma-->0.004089246
V1[0]=104857.600000
V1[N-1]=209715.100000
V2[0]=104857.600000
V2[N-1]=0.100000
V3[0]=209715.200000
V3[N-1]=209715.200000
