Tiempo que se ha tardado en hacer la suma-->0.003076148
V1[0]=13107.200000
V1[N-1]=26214.300000
V2[0]=13107.200000
V2[N-1]=0.100000
V3[0]=26214.400000
V3[N-1]=26214.400000
