Tiempo que se ha tardado en hacer la suma-->0.000112657
V1[0]=6553.600000
V1[N-1]=13107.100000
V2[0]=6553.600000
V2[N-1]=0.100000
V3[0]=13107.200000
V3[N-1]=13107.200000
