Tiempo que se ha tardado en hacer la suma-->0.008883490
V1[0]=419430.400000
V1[N-1]=838860.700000
V2[0]=419430.400000
V2[N-1]=0.100000
V3[0]=838860.800000
V3[N-1]=838860.800000
