Tiempo que se ha tardado en hacer la suma-->0.006161277
V1[0]=209715.200000
V1[N-1]=419430.300000
V2[0]=209715.200000
V2[N-1]=0.100000
V3[0]=419430.400000
V3[N-1]=419430.400000
