Tiempo que se ha tardado en hacer la suma-->0.000238950
V1[0]=26214.400000
V1[N-1]=52428.700000
V2[0]=26214.400000
V2[N-1]=0.100000
V3[0]=52428.800000
V3[N-1]=52428.800000
