Tiempo que se ha tardado en hacer la suma-->0.035993051
V1[0]=1677721.600000
V1[N-1]=3355443.100000
V2[0]=1677721.600000
V2[N-1]=0.100000
V3[0]=3355443.200000
V3[N-1]=3355443.200000
