Tiempo que se ha tardado en hacer la suma-->0.062753648
V1[0]=3355443.200000
V1[N-1]=6710886.300000
V2[0]=3355443.200000
V2[N-1]=0.100000
V3[0]=6710886.400000
V3[N-1]=6710886.400000
