Tiempo que se ha tardado en hacer la suma-->0.111605834
V1[0]=6710886.400000
V1[N-1]=13421772.700000
V2[0]=6710886.400000
V2[N-1]=0.100000
V3[0]=13421772.800000
V3[N-1]=13421772.800000
