Tiempo que se ha tardado en hacer la suma-->0.001845522
V1[0]=52428.800000
V1[N-1]=104857.500000
V2[0]=52428.800000
V2[N-1]=0.100000
V3[0]=104857.600000
V3[N-1]=104857.600000
