Tiempo que se ha tardado en hacer la suma-->0.001964863
V1[0]=1638.400000
V1[N-1]=3276.700000
V2[0]=1638.400000
V2[N-1]=0.100000
V3[0]=3276.800000
V3[N-1]=3276.800000
